#tsp_tweak/50_0.0_0.58_0.1_105_roulette_2
0	133686.33436103436	105507.0620799222	111830.39569085366	118153.72930178513	84002.67532665134
1	125655.43024160273	102060.80407802649	107385.01421898023	112709.22435993397	84002.67532665134
2	125410.22894478081	101465.86810725508	106669.65393073259	111873.43975421009	84002.67532665134
3	118817.26452164985	99906.97985002835	105497.92924237387	111088.87863471938	84002.67532665134
4	120322.87275090102	97468.27334592617	102867.69681845275	108267.12029097934	84002.67532665134
5	114210.21374994499	95203.67907331495	99886.72719840556	104569.77532349616	83121.28536904932
6	113364.35893461446	92224.8616730254	97873.02236331563	103521.18305360586	83121.28536904932
7	110307.86179093184	91884.80696179406	96874.21420171033	101863.6214416266	84002.67532665134
8	106883.38290746411	90222.95368936357	95641.28868833819	101059.62368731281	81460.76009337298
9	110729.17777355631	90293.5064807425	95439.50223649014	100585.49799223778	83600.78582107603
10	106203.26172414352	88775.5292517858	93393.64173211748	98011.75421244916	81904.01505278215
11	101602.5805684455	88938.74116769811	92790.14488186299	96641.54859602786	81904.01505278215
12	100751.2435993601	86936.37417056145	91351.19505507842	95766.0159395954	81884.26362814299
13	104561.46596993243	85040.88891529822	89888.09546413824	94735.30201297827	79239.93469837551
14	98958.54004363062	85562.90209157899	89417.78366300282	93272.66523442665	81884.26362814299
15	102830.90935156119	85825.73934160738	90047.14428609445	94268.54923058153	81835.56825909266
16	105962.6439825269	85165.73763224168	89918.48811088134	94671.238589521	80560.5773441981
17	102299.58218578709	83191.10932329751	87921.42972006668	92651.75011683584	72428.57562466002
18	96669.9453970298	84135.88539010196	87645.4727843535	91155.06017860502	72428.57562466002
19	108287.54185280623	83820.10380925346	88109.85997282343	92399.6161363934	72428.57562466002
20	103227.90850989507	81370.4248988132	86590.24970949696	91810.07452018071	72428.57562466002
21	99791.25254969118	79810.15417874334	84101.7732549754	88393.39233120746	71872.62653447714
22	94898.82177799454	76441.54418898482	81070.0903695751	85698.63655016539	71200.08248133077
23	92466.87835133202	75912.3161664695	81349.30571707197	86786.29526767443	64892.32575670225
24	92169.99073789796	74295.05111166732	79562.25357427895	84829.45603689058	64892.32575670225
25	95637.7079362591	73723.68677590937	78714.84844998705	83706.01012406473	63688.67210492054
26	85698.09365275443	73576.27010006321	77967.49433280005	82358.7185655369	63688.67210492054
27	90238.02357714516	72187.0063218163	76894.3303115609	81601.6543013055	63688.67210492054
28	85400.87899375492	72728.5859724258	76979.50306729226	81230.42016215871	63688.67210492054
29	85033.00307972006	73369.14157691575	77257.13234751658	81145.12311811742	63688.67210492054
30	92748.75754704182	71734.77284456637	76407.47877080936	81080.18469705236	63843.62676387136
31	83306.48511077533	70598.92664698164	74670.18117395784	78741.43570093405	63843.62676387136
32	88962.79409199655	71843.20434401506	75290.49255437682	78737.78076473858	63939.667882387315
33	97276.97221835853	71876.88000175367	75918.06888518916	79959.25776862465	63939.667882387315
34	85487.45692948175	70751.80835662564	74308.36033506827	77864.9123135109	66046.88620180797
35	84020.52996486743	69411.50951689798	72355.07449911752	75298.63948133706	63793.00816920857
36	91796.04192340502	69107.29775288228	72814.5013423765	76521.70493187073	65248.41784918181
37	79385.02007379534	68049.53905431103	71177.6829903392	74305.82692636739	62864.81736473304
38	82962.47989068767	66299.43699582262	70187.87377410835	74076.31055239408	57024.35078753957
39	83791.49376894394	64582.44503116777	69113.67615190436	73644.90727264096	54545.927530632434
40	75892.95174964673	63685.18000116148	67571.28442804764	71457.3888549338	54545.927530632434
41	79695.54395537332	61682.58216657966	66518.26429642033	71353.946426261	50915.728225262326
42	83779.19872786615	61631.72602475648	66864.99520127714	72098.2643777978	51145.103075267165
43	77978.27873445573	62156.59042473331	66525.62128594628	70894.65214715926	54545.927530632434
44	77978.27873445573	59551.73464962981	63956.361522976986	68360.98839632416	54545.27987442133
45	80719.33466543334	57494.842886337006	61835.33175924192	66175.82063214683	51018.99790558336
46	70646.83724832877	55711.36468081735	59391.390501798836	63071.41632278032	49870.868305987184
47	66698.96560661227	55991.95299337012	59154.34811936853	62316.74324536694	49870.868305987184
48	66183.20358877882	55149.54474886648	58392.46851188398	61635.392274901475	49359.38163849102
49	65959.29454243935	53283.84170944073	56379.29730175846	59474.75289407619	47169.84094445717
50	69006.30186657803	52743.32579391247	55675.60810397758	58607.8904140427	47169.84094445717
51	61894.00330091528	51085.79112930986	54376.04548369517	57666.29983808048	47595.12286979582
52	61016.10781158297	50513.65503927761	53256.13144830184	55998.607857326075	46452.326968328336
53	64183.09450858097	50452.4097282963	53475.371092293484	56498.33245629067	46452.326968328336
54	60196.78745438356	48846.14033719683	52127.588763473155	55409.03718974948	44646.91841892149
55	62147.39751308143	48530.56486958883	51695.39610612631	54860.22734266379	44903.381955368175
56	65015.799895007265	48498.43016134933	52205.65350976633	55912.87685818333	44903.381955368175
57	60786.90799060916	48487.92303514435	51956.56029770376	55425.19756026318	44903.381955368175
58	58136.144498098605	48618.670789498625	51485.85628008483	54353.041770671036	44903.381955368175
59	58204.59523876391	47500.98991909276	50442.423610024394	53383.85730095603	40947.3489183842
60	57805.00014330381	47805.12702861383	50319.898463608064	52834.6698986023	40947.3489183842
61	54741.21308166	47006.157988414685	49403.533666619995	51800.909344825304	41423.27113898236
62	59272.711127384835	47582.76199051321	50764.121217781285	53945.48044504936	39097.49752155399
63	58107.377143082274	47504.52568295611	50642.13531062952	53779.74493830293	39097.49752155399
64	56981.20351027274	47364.66277051642	49998.94127714106	52633.21978376569	39097.49752155399
65	61867.688867955236	47070.13834185368	50025.41157104218	52980.68480023069	39097.49752155399
66	61867.688867955236	45630.444752309675	48621.24903403755	51612.05331576543	39097.49752155399
67	58420.58357270119	45788.22323324023	48515.15401732227	51242.08480140431	39097.49752155399
68	58420.58357270119	45451.539483636814	48417.68826174183	51383.83703984685	39097.49752155399
69	57219.04155393665	45206.461014232635	48433.88020555008	51661.29939686752	39097.49752155399
70	54977.348485903036	45500.85807677728	48182.89246701394	50864.9268572506	40693.05448359053
71	58194.444669128745	45827.67223821839	49444.66297080016	53061.653703381926	41302.03979348113
72	56475.2782443155	45374.586538348005	48713.57032628447	52052.55411422093	41302.03979348113
73	62411.60475977719	45542.3387419306	48666.38258239727	51790.426422863944	41302.03979348113
74	62411.60475977719	45887.92810782929	49278.29383591439	52668.659563999485	43038.834679800966
75	59522.88954641331	46701.059876470084	49282.50718722228	51863.95449797448	43038.834679800966
76	55656.42596317631	46021.980122694	48461.97852844093	50901.97693418786	42649.645732099736
77	57267.22162994034	46475.143206320114	49071.28465250805	51667.42609869599	43653.25979041032
78	60729.844769817704	45585.679653605745	47952.29875671771	50318.91785982968	41814.3677882405
79	55228.35081523465	45693.39042527695	48318.05341856498	50942.71641185301	43653.25979041032
80	61159.864589818855	45928.60357297204	48731.30383503858	51534.00409710513	43653.25979041032
81	55163.96380805832	45731.02885309324	48297.40327389473	50863.77769469622	43141.00230175445
82	54836.633260518094	45911.72399533255	48383.45933616532	50855.194676998086	43141.00230175445
83	55570.51234021334	45401.92896889398	48397.331432431114	51392.733895968246	42746.307238992275
84	57901.7169006568	44056.84735324511	47369.05552780219	50681.263702359276	41324.46655062752
85	55132.09821964847	44005.04409868175	47285.77955990038	50566.51502111901	41409.89768614946
86	63416.27864056626	44299.51223504691	47860.29672962385	51421.08122420079	41409.89768614946
87	59687.50889159947	45644.615934168156	48972.07810488253	52299.540275596904	41409.89768614946
88	55117.01307534932	45035.74707298654	48373.914387902325	51712.08170281811	41409.89768614946
89	56756.26632351516	45511.97547645011	48759.3772467035	52006.77901695689	42746.307238992275
90	56756.26632351516	44764.51797281693	48140.690547843406	51516.86312286988	41472.51910844917
91	58381.48404161437	45280.94643843424	48231.99565823183	51183.04487802941	42048.837591271964
92	58381.48404161437	44057.26136594542	47376.13715334823	50695.01294075104	40891.06178263453
93	59370.025125077475	43559.82189752681	47482.15708999386	51404.49228246091	40891.06178263453
94	58508.697073371484	43423.4901502685	47420.11295647759	51416.73576268668	40891.06178263453
95	55026.61591725383	43032.195846542905	46800.10139610499	50568.006945667075	40014.58374773867
96	65303.401297614604	42563.94646257407	46610.03473091419	50656.1229992543	39377.95263277132
97	55684.7825598976	43392.3219130972	46811.083411733576	50229.84491036995	40014.58374773867
98	55436.28730161892	42862.30077099207	46001.11901473332	49139.937258474565	40014.58374773867
99	55581.15452011297	43038.069278945215	46345.92038316529	49653.77148738537	40014.58374773867
100	58926.85928108579	43786.959612789324	47140.09778958295	50493.235966376575	40173.016369934296
101	53227.42197094799	44387.14556251655	47044.1269837821	49701.10840504766	41019.456484194736
102	57033.388480759706	45149.52823295973	48204.857242591774	51260.186252223815	41465.02697722426
103	55887.52333411281	44915.97906745542	47643.25202171871	50370.52497598201	41949.508357442086
104	58726.63097843954	45259.90544045291	48883.274623344696	52506.64380623648	41949.508357442086