0	132691.8443574217	107711.42267469002	114978.11202911034	122244.80138353066	95308.14763442102
1	123889.10715390583	106846.40826498694	112222.24310304392	117598.0779411009	100344.62770921334
2	120919.84614010852	105272.20206989716	109506.09984603965	113739.99762218214	100404.4426444133
3	116328.84205881035	102048.03314482888	106785.60578077707	111523.17841672526	90307.17135958814
4	117326.77085396474	97858.77896084663	104090.05614019957	110321.3333195525	84577.5480097178
5	119288.36465150632	98486.72002708339	104287.41828528768	110088.11654349198	84577.5480097178
6	118834.31273849738	97675.87176178076	102135.91044241363	106595.9491230465	84577.5480097178
7	118834.31273849738	97095.243437097	100687.5142380279	104279.7850389588	87674.37123520026
8	112932.68137490617	95514.20236678507	99725.48132595765	103936.76028513022	82929.00413313285
9	111335.74563387093	94102.4585990794	98127.70489721216	102152.95119534491	82929.00413313285
10	112407.71263702046	92903.06396103666	97103.93485504152	101304.80574904637	82725.42812025646
11	114095.23825133403	92347.44540513864	97738.42391773303	103129.40243032742	82725.42812025646
12	114095.23825133403	90666.03999402752	96071.38211963179	101476.72424523605	81376.59617413818
13	114961.88386245671	89155.24155850167	94659.40316198346	100163.56476546524	82070.93821492892
14	110856.99246267244	87716.37766571419	92994.1441034748	98271.91054123541	80915.41931734233
15	109569.99618911048	85994.259875576	90782.14000900846	95570.02014244093	78769.82144286399
16	109361.48401451	85360.74299113707	90685.18728391333	96009.63157668959	76891.37939245588
17	97504.97545775391	82728.88078039589	87728.30468983758	92727.72859927926	73100.11909536508
18	94862.44753907746	79876.63641123754	84635.66814489452	89394.69987855149	72206.8363342377
19	101653.5668151162	78200.39948301282	83952.17759301142	89703.95570301003	72206.8363342377
20	96676.40559097653	76561.00832400066	82274.83038310047	87988.65244220028	66673.12596612373
21	92637.25715979026	76655.53925613248	81897.13541477399	87138.7315734155	66673.12596612373
22	94173.55104663585	77271.02730224773	81796.45307078598	86321.87883932423	66864.98378804114
23	95145.60057262874	75503.73320270325	80458.74128008673	85413.74935747021	66864.98378804114
24	89719.17300877182	74170.87132738106	78165.87063418723	82160.8699409934	66864.98378804114
25	92216.06582825571	73925.88482368767	77634.4441419899	81343.00346029212	65837.3657246128
26	93424.70600074432	72683.85216311918	76659.1617413964	80634.47131967361	66976.53686270947
27	82952.59082502015	72038.74576289163	75277.3714875592	78515.99721222676	64859.593897736835
28	89632.03196198388	72816.08103310043	76336.57097398888	79857.06091487734	68594.45318401269
29	82478.39447084483	70903.64821053816	73893.57728270837	76883.50635487858	62460.0685112967
30	82478.39447084483	70043.02062860341	73160.70050548433	76278.38038236526	62460.0685112967
31	81430.58246463416	67679.37433995957	71286.15745308773	74892.94056621588	58871.537435003316
32	81551.89013542532	66848.17588981285	70590.86344713107	74333.55100444928	58871.537435003316
33	77589.61130793758	66127.69580592509	69531.98847422762	72936.28114253015	55700.85745233542
34	75423.65257594455	65223.048089436925	68317.6211751335	71412.19426083009	55700.85745233542
35	73199.84960736247	65497.8468534415	68011.0250089479	70524.20316445429	57816.881830624116
36	78828.3834512668	65728.97584136423	68808.70804177647	71888.4402421887	60934.47546831799
37	75743.51188443598	65619.8226773173	68450.3315863172	71280.84049531711	60934.47546831799
38	77221.56885514694	66108.48947085963	69154.57836686769	72200.66726287575	58890.31560481125
39	79398.2036187506	66798.95100723118	69791.28383576676	72783.61666430235	61117.00134873076
40	75357.34065060622	66093.14944643204	69012.23206702259	71931.31468761314	57927.34206224518
41	80053.70014203597	63820.192704082474	67905.91118557911	71991.62966707574	55623.979640071164
42	84457.35811590507	63881.131652662814	68230.30674953567	72579.48184640851	57748.06625671106
43	84457.35811590507	63401.4832403454	67261.74546856203	71122.00769677867	57748.06625671106
44	78543.07135340608	62463.67177674534	66235.7179017843	70007.76402682326	57868.94375339065
45	77511.58624009491	60855.62924678979	64405.58621993834	67955.5431930869	51540.74840501413
46	76648.81440941276	59702.29096299135	63605.630057635564	67508.96915227978	51540.74840501413
47	79133.65730331611	59225.950401965136	63558.50741491846	67891.06442787178	51540.74840501413
48	74369.7781225781	59620.99281934405	63029.13614525021	66437.27947115636	51540.74840501413
49	76309.25867889005	60168.96831942449	63838.61196016417	67508.25560090385	55757.314061825884
50	78988.68039776056	58797.23108372584	63240.88685367615	67684.54262362646	54066.116608849814
51	74766.11571586259	60348.84832638699	63988.675065565745	67628.5018047445	55081.993829985855
52	76859.52250205366	59454.13899597575	63655.05889780375	67855.97879963175	54533.25414759324
53	80238.98517843334	58155.86610501652	62367.47543580338	66579.08476659025	54533.25414759324
54	80219.85165036574	57670.18337165708	61367.87806854246	65065.57276542783	54533.25414759324
55	70241.29676169124	56937.91252157952	59746.243905377916	62554.57528917631	48913.12196247989
56	70857.09174842226	57038.66331320523	60237.032893246855	63435.40247328848	48913.12196247989
57	67919.1278153629	54991.03134661114	58854.2204281521	62717.409509693054	45857.489366191956
58	65249.65286238753	54623.193309734874	58150.75211926913	61678.31092880338	45772.34059583169
59	64667.231111141904	54137.058225647925	57542.469283029306	60947.88034041069	45772.34059583169
60	71203.68909361585	53747.32220749929	57293.544303368275	60839.76639923726	45857.489366191956
61	66904.17685457467	53640.32708428231	57022.002983441096	60403.67888259988	45857.489366191956
62	67775.47047701722	53299.56322898626	56648.16771105396	59996.77219312166	45857.489366191956
63	68704.4760164908	53813.4592910146	56949.1068324628	60084.754373911	45857.489366191956
64	65771.28501924162	53342.75966576027	56918.21333242697	60493.666999093664	44188.59321416699
65	69107.13593060565	52527.58188265385	56521.60389092349	60515.62589919313	44188.59321416699
66	71675.72658570639	53060.981557809006	57007.178996585026	60953.376435361046	44188.59321416699
67	71688.83564408438	53893.90167874239	57355.12347795826	60816.34527717413	50789.50981280621
68	71688.83564408438	55142.80411145318	59068.31374848158	62993.82338550998	50789.50981280621
69	72969.17095454702	54722.556101890536	59460.56087135498	64198.565640819426	51220.514858337454
70	68828.53391795255	54034.42252849006	57858.68579755096	61682.949066611865	51220.514858337454
71	69243.66446711382	54722.93079184765	58562.699090747206	62402.467389646765	51220.514858337454
72	69055.05095064991	55820.45963031969	59776.86702119688	63733.27441207407	51220.514858337454
73	71140.91275424125	55284.60514650058	58485.471740512025	61686.33833452347	51220.514858337454
74	70421.23419917129	54993.71170918133	58059.68026388439	61125.64881858745	50540.53800103022
75	69815.33105961174	54833.086600507304	57943.195424453756	61053.30424840021	51220.514858337454
76	62935.04233923728	54108.79184059097	56494.54494471358	58880.29804883619	51220.514858337454
77	66209.36242232381	53588.75036511487	56563.734054638604	59538.717744162335	50741.5808725649
78	70070.872626885	54034.396304699156	57081.50876998135	60128.62123526355	46712.24305377614
79	69257.70480861858	53022.07455782316	56418.984842613536	59815.895127403914	49782.7977623693
80	68508.82509908649	52097.4222408097	55919.37990349408	59741.33756617847	47040.5854929796
81	65648.95644556638	51712.5067077054	54974.053313951976	58235.599920198554	45872.53484967519
82	65213.64464291234	50935.0574708822	53829.77602233333	56724.49457378446	45872.53484967519
83	62484.791757706895	50997.14794080991	53293.265716033835	55589.38349125776	45872.53484967519
84	60769.533875454355	49490.83429287637	52549.750514053274	55608.66673523018	43883.38766126054
85	60551.17465109387	48991.58090503391	52376.19642957537	55760.811954116834	43500.46608548924
86	61132.81023002041	48845.863003772	51777.56846937534	54709.273934978686	43500.46608548924
87	62714.70857398845	48180.137982356326	52210.87959091913	56241.62119948194	43500.46608548924
88	63981.25326604311	47973.449331719836	51515.92974631613	55058.41016091242	43500.46608548924
89	64172.539162543544	47750.783372004356	51263.195864794245	54775.60835758413	43500.46608548924
90	62977.879462176	46983.91852421573	50475.90225137684	53967.88597853795	42549.17779758477
91	61921.9769989182	47607.72848636759	51265.33349121418	54922.93849606077	42549.17779758477
92	58896.39114909884	46885.933784354136	50320.71186745853	53755.48995056292	42174.10933890507
93	62100.84776927567	47198.51060695238	50716.97689283166	54235.44317871094	42174.10933890507
94	63565.470320159555	47296.49339301181	51290.560287078435	55284.62718114506	42174.10933890507
95	60764.83039947679	47405.437680932955	51289.60672145415	55173.77576197534	42174.10933890507
96	62818.360426125146	46665.97691277984	50653.55952709927	54641.1421414187	42174.10933890507
97	58271.52080094977	46756.722339379055	50111.20467770076	53465.68701602247	42174.10933890507
98	59267.13672185459	46787.77687017373	50089.93638201208	53392.09589385043	42174.10933890507
99	61554.79591179793	46170.615782557834	48929.43511206049	51688.25444156315	42174.10933890507